#0
левитация~
15
1
0
70
2
1935 1933 0 0 0 0 0 0 
#0
пройти дверь~
41
3
0
40
2
1909 1915 1947 1921 0 0 0 0 
#0
благословение~
13
2
0
50
2
1908 1911 1906 0 0 0 0 0 
#0
лечить болезнь~
17
2
0
30
2
1905 1932 1924 0 0 0 0 0 
#0
лечить яд~
20
2
0
30
2
1901 1933 1934 0 0 0 0 0 
#0
отмена~
35
2
0
40
2
1916 1950 1914 0 0 0 0 0 
#0
лечить проклятье~
22
1
0
50
2
1904 1931 1923 0 0 0 0 0 
#0
лечить слепоту~
11
1
0
50
2
1902 1908 1943 0 0 0 0 0 
#0
защита стихий~
41
5
0
30
1
1950 1947 1911 1918 1941 1954 0 0 
#0
излечение~
33
3
0
50
2
1923 1923 1907 1907 1943 0 0 0 
#0
великий жрец~
50
5
0
75
6
1938 1936 1912 1952 1907 0 0 0 
#0
мастер излечения~
45
4
0
80
6
1938 1936 1937 1913 0 0 0 0 
#0
усердный вакцинатор~
39
3
0
85
6
1938 1939 1940 1907 0 0 0 0 
#0
исцеляющий недуги~
32
2
0
85
6
1938 1939 1923 0 0 0 0 0 
#0
хилый лекарь~
23
1
0
95
6
1938 1924 0 0 0 0 0 0 
#0
мастер магии~
50
5
0
75
5
1938 1936 1912 1950 1909 0 0 0 
#0
продвинутый маг~
45
4
0
80
5
1938 1936 1937 1942 0 0 0 0 
#0
шустрый колдун~
39
3
0
85
5
1938 1939 1940 1910 0 0 0 0 
#0
насылатель проклятий~
32
2
0
90
5
1938 1939 1909 0 0 0 0 0 
#0
создатель ракет~
23
1
0
95
5
1938 1920 0 0 0 0 0 0 
#0
адамантитовый кулак~
50
5
0
75
4
1938 1936 1912 1948 1925 0 0 0 
#0
железный кулак~
45
4
0
80
4
1938 1936 1937 1954 0 0 0 0 
#0
медный кулак~
39
3
0
85
4
1938 1939 1940 1925 0 0 0 0 
#0
глиняный кулак~
32
2
0
90
4
1938 1939 1900 0 0 0 0 0 
#0
жидкий кулак~
23
1
0
95
4
1938 1935 0 0 0 0 0 0 
#0
непробиваемая стена~
50
5
0
75
3
1938 1936 1912 1953 1945 0 0 0 
#0
спасатель~
45
4
0
80
3
1938 1936 1937 1951 0 0 0 0 
#0
телохранитель~
39
3
0
85
3
1938 1939 1940 1945 0 0 0 0 
#0
неуклюжий защитник~
32
2
0
90
3
1938 1939 1946 0 0 0 0 0 
#0
грязный толстяк~
23
1
0
95
3
1938 1938 0 0 0 0 0 0 
#0
защита храма~
36
3
0
40
1
1903 1913 1943 1931 0 0 0 0 
#0
зеркальные отражения~
35
4
0
40
1
1911 1944 1930 1908 1926 0 0 0 
#0
плащ теней~
18
2
0
60
1
1916 1935 1950 0 0 0 0 0 
#0
каменная кожа~
24
2
0
50
1
1939 1926 1934 0 0 0 0 0 
#0
броня~
8
1
0
70
1
1914 1904 0 0 0 0 0 0 
#0
щит~
17
1
0
70
1
1941 1906 0 0 0 0 0 0 
#0
огненный щит~
39
4
0
40
1
1920 1921 1919 1910 1945 0 0 0 
#0
ледяной щит~
39
4
0
40
1
1934 1917 1919 1909 1944 0 0 0 
#0
хвойный щит~
40
4
0
40
1
1922 1910 1922 1943 1931 0 0 0 
#0
огнезащита~
11
1
0
50
1
1919 1920 0 0 0 0 0 0 
#0
защита от зла~
10
3
0
50
1
1952 1908 1903 1909 0 0 0 0 
#0
защита от добра~
10
3
0
50
1
1949 1933 1932 1928 0 0 0 0 
#0
кровавые знаки~
42
5
0
30
1
1915 1952 1949 1926 1921 1940 0 0 
#0
отмена~
23
2
0
60
1
1916 1950 1914 0 0 0 0 0 
#0
кислотный выдох~
40
5
0
30
1
1915 1950 1944 1927 1928 1905 0 0 
#0
газовый выдох~
45
5
0
30
1
1915 1950 1946 1930 1935 1929 0 0 
#0
световой выдох~
43
5
0
30
1
1915 1950 1931 1953 1910 1900 0 0 
#0
огненный выдох~
47
5
0
30
1
1915 1950 1920 1919 1926 1921 0 0 
#0
ледяной выдох~
41
5
0
30
1
1915 1950 1937 1939 1902 1917 0 0 
#0
лечить яд~
14
2
0
40
1
1901 1933 1934 0 0 0 0 0 
#0
лечить болезнь~
16
2
0
40
1
1905 1932 1924 0 0 0 0 0 
#0
лечить проклятье~
21
2
0
40
1
1904 1931 1923 0 0 0 0 0 
#0
лечить слепоту~
11
2
0
40
1
1902 1908 1943 0 0 0 0 0 
#0
спешка~
21
3
0
50
1
1920 1904 1935 1947 0 0 0 0 
#0
гигантская сила~
11
3
0
60
1
1900 1925 1942 1945 0 0 0 0 
#0
отдых~
9
1
0
50
1
1908 1906 0 0 0 0 0 0 
#0
вред~
36
3
0
40
1
1927 1928 1930 1932 0 0 0 0 
#0
серьезные раны~
18
1
0
70
1
1927 1922 0 0 0 0 0 0 
#0
легкие раны~
11
1
0
80
1
1930 1928 0 0 0 0 0 0 
#0
критические раны~
26
2
0
55
1
1932 1930 1928 0 0 0 0 0 
#0
лечить критические раны~
25
2
0
55
1
1924 1900 1921 0 0 0 0 0 
#0
лечить легкие раны~
10
1
0
80
1
1923 1923 0 0 0 0 0 0 
#0
лечить серьезные раны~
17
2
0
70
1
1900 1924 1924 0 0 0 0 0 
#0
излечение~
35
3
0
40
1
1907 1923 1924 1909 0 0 0 0 
#0
вакцина~
46
4
0
50
1
1907 1914 1943 1902 1916 0 0 0 
#0
невидимость~
6
1
0
60
1
1901 1908 0 0 0 0 0 0 
#0
слепота~
10
2
0
30
1
1902 1926 1944 0 0 0 0 0 
#0
сменить пол~
48
3
0
60
2
1902 1902 1926 1909 0 0 0 0 
#0
проклятье~
18
2
0
50
1
1929 1954 1904 0 0 0 0 0 
#0
утечка энергии~
25
3
0
50
1
0 0 0 0 0 0 0 0 
#0
чума~
20
2
0
40
1
1946 1917 1918 0 0 0 0 0 
#0
яд~
14
2
0
60
1
1929 1926 1946 0 0 0 0 0 
#0
замедление~
28
2
0
50
1
1932 1926 1922 0 0 0 0 0 
#0
слабость~
11
2
0
50
1
1918 1933 1941 0 0 0 0 0 
#0
утечка маны~
31
3
0
50
1
1903 1931 1914 1948 0 0 0 0 
#0
левитация~
14
1
0
65
1
1935 1933 0 0 0 0 0 0 
#0
пройти дверь~
31
3
0
40
1
1909 1915 1947 1921 0 0 0 0 
#0
слово возврата~
32
1
0
30
1
1926 1912 1945 0 0 0 0 0 
#0
маяк~
26
2
0
60
1
1951 1951 1938 1941 0 0 0 0 
#0
найти маяк~
26
3
0
40
1
1928 1913 1905 1942 0 0 0 0 
#0
адский огонь~
34
2
0
50
1
1949 1930 1905 0 0 0 0 0 
#0
изгнать зло~
16
2
0
55
1
0 0 0 0 0 0 0 0 
#0
изгнать добро~
16
2
0
55
1
0 0 0 0 0 0 0 0 
#0
землетрясение~
12
3
0
40
1
0 0 0 0 0 0 0 0 
#0
огненный удар~
20
2
0
50
1
1911 1944 1916 0 0 0 0 0 
#0
горячий металл~
16
3
0
30
1
1931 1937 1948 1943 0 0 0 0 
#0
спокойствие~
36
3
0
60
1
1933 1927 1903 1906 0 0 0 0 
#0
сон~
29
3
0
40
1
1932 1918 1901 1934 0 0 0 0 
#0
благословение~
13
2
0
70
1
1908 1911 1906 0 0 0 0 0 
#0
ярость~
26
2
0
60
1
1925 1900 1935 1918 0 0 0 0 
#0
гнев~
33
3
0
50
1
0 0 0 0 0 0 0 0 
#0
обратить нежить~
34
3
0
40
1
0 0 0 0 0 0 0 0 
#0
кислотный плевок~
27
2
0
50
1
1900 1919 1944 0 0 0 0 0 
#0
цветные брызги~
15
2
0
60
1
1929 1917 1905 0 0 0 0 0 
#0
огненный шар~
22
2
0
50
1
1920 1939 1945 0 0 0 0 0 
#0
ярость души~
44
5
0
30
1
0 0 0 0 0 0 0 0 
#0
обнаружить зло~
7
1
0
80
1
1903 1943 0 0 0 0 0 0 
#0
обнаружить добро~
7
1
0
80
1
1926 1943 0 0 0 0 0 0 
#0
обнаружить скрытое~
11
1
0
70
1
1917 1917 0 0 0 0 0 0 
#0
обнаружить невидимое~
5
1
0
80
1
1935 1935 0 0 0 0 0 0 
#0
обнаружить мертвых~
24
1
0
70
1
1930 1930 0 0 0 0 0 0 
#0
обнаружить магию~
5
1
0
80
1
1908 1908 0 0 0 0 0 0 
#0
чувствовать жизнь~
18
3
0
60
1
0 0 0 0 0 0 0 0 
#0
обнаружить животных~
21
1
0
80
1
1905 1905 0 0 0 0 0 0 
#0
определить маяк~
15
1
0
90
1
1942 1942 0 0 0 0 0 0 
#0
изгнать магию~
25
3
0
50
1
1910 1917 1931 1902 0 0 0 0 
#0
дьявольский огонь~
8
1
0
70
1
1902 1910 0 0 0 0 0 0 
#0
врата~
34
3
0
40
1
1947 1945 1909 1950 0 0 0 0 
#0
портал~
40
4
0
40
1
1947 1951 1942 1941 1945 0 0 0 
#0
соединить~
45
5
0
30
1
1947 1954 1951 1941 1915 1945 0 0 
#0
магическая ракета~
1
1
0
90
1
1931 1912 0 0 0 0 0 0 
#END
